plaintext
0 0 0 0 0 0 0 0 0 0 0 0 0 0 0 0 0 0 0 0 0 0 0 0 0 0 0 0 0 0 0 0 0 0 0 0 0 0 0 0 0 0 0 0 0 0 0 0 0 0 0 0 0 0 0 0 0 0 0 0 0 0 0 0
5 different keys with hamming distance 1
0 0 0 0 0 0 1 1 0 0 1 0 1 1 0 1 0 0 1 0 0 1 1 0 0 0 1 0 0 0 1 1 1 0 0 0 0 1 1 0 0 0 0 0 1 1 1 0 0 0 1 1 0 0 1 0
1 0 0 0 0 0 1 1 0 0 1 0 1 1 0 1 0 0 1 0 0 1 1 0 0 0 1 0 0 0 1 1 1 0 0 0 0 1 1 0 0 0 0 0 1 1 1 0 0 0 1 1 0 0 1 0
0 0 0 0 0 0 0 1 0 0 1 0 1 1 0 1 0 0 1 0 0 1 1 0 0 0 1 0 0 0 1 1 1 0 0 0 0 1 1 0 0 0 0 0 1 1 1 0 0 0 1 1 0 0 1 0
0 0 0 0 0 0 1 1 0 1 1 0 1 1 0 1 0 0 1 0 0 1 1 0 0 0 1 0 0 0 1 1 1 0 0 0 0 1 1 0 0 0 0 0 1 1 1 0 0 0 1 1 0 0 1 0
0 0 0 0 0 0 1 1 0 0 1 0 1 1 0 1 0 0 1 0 0 1 1 0 1 0 1 0 0 0 1 1 1 0 0 0 0 1 1 0 0 0 0 0 1 1 1 0 0 0 1 1 0 0 1 0
0 0 0 0 0 0 1 1 0 0 1 0 1 1 0 1 0 0 1 0 0 1 1 0 0 0 1 0 0 0 1 1 1 0 0 0 0 0 1 0 0 0 0 0 1 1 1 0 0 0 1 1 0 0 1 0

